1970940413612806652
1970947626427462119
1970918993943986611
1970914160080007281
1970953034525180123
1970915318769057974
1970930585112834204
1971000257933889865
1971309023845867546
1970941266113462538
1970947746447413685
1970941864070217898
1970940349754572824
1970939581836235209
1970939581836235209
1970943052773720455
1971242777200758912
1971235695978217508
1971000545105281252
1971248102695989438
1971206575277867066
1970936712852537590
1971045851448668327
1970981887268332005
1971001466367463835
1970950380168384832
1970978174239637948
1970946885180600644
1970943488545202209
1971177183038365900
1970954764625277291
1971206404662030843
1970939447182336366
1971052996655292715
1971231749754716507
1971206381303890306
1970947532667879786
1971082930060656882
1971573349253034439
1971134411262525744
1971717334995030503
1971185436350611630
1971624880757227746
1971614331654885709
1970967628106825773
1971586715182936431
1970963484415492547
1971266292289241152
1970932461631881641
1970957275411120481
1970969613098963328
1972748346273210627
1970923374902903165
1972748222063157509
1971086406312394813
1972654722394861696
1972820641046057362
1971606096373752054
1971256408898519516
1972737276410216848
1971717794996932659
1971723096165163412
1970997473075396708
1971209479439139222
1971297377731658161
1972813022772248886
1971273096561819752
1971020466682044774
1971718682557796556
1971724053984825676
1970953330441797670
1970978335699464665
1972727369288094045
1970971833970414035
1971585741076812113
1970978110050107588
1971206542692319609
1972776354853871987
1970959856195821921
1970947916635439252
1971602515562274893
1971033428960407899
1970945392889237544
1971591852475511022
1971625590127255945
1972760211934101651
1972727320801636570
1970966977666744376
1971620341245268351
1972727276677841003
1971244311489716653
1971625493003911263
1972726647179948498
1970950223603302511
1971284615982875024
1970956437879914661
1972815640093442368
1972838272763384004
1971221047988060391
1971590299295334904
1972841162978525248
1971563041616531572
1971085411930997144
1972833141346927025
1972727378477715955
1971608382961521040
1972749174283362660
1971717021281943831
1971722557486518295
1970957810923139328
1971608259942547591
1971252301290742206
1972794235394166937
1971563324790931548
1972728845984731399
1971598000532422818
1971263009915081152
1971717464011821186
1971206686338859250
1971047295077761404
1972728190834467144
1971594275147350076
1971206340489121821
1971593331210944594
1971206256137470030
1970958723423273208
1971000238401015982
1971258173387592174
1971627183807553726
1971612179142225961
1970919848789279035
1971225008212263408
1970980612053103090
1971620120532603043
1970945551727567065
1971633100464804153
1972764943348023440
1971611088082100249
1972815590323880140
1971611643965743571
1971616052527382682
1971262033086775438
1971179522994340251
1971616231108313139
1972789164392456273
1971298152725774541
1970945341492167075
Probable Spam
1970917736219025722
1971609170307854349
1971063318694822263
1971053135138640117
1971229228466311418
1971206760271839467
1971077951547687276
1971623439711850742
1970917778011062413
1972797207557660850
1971230771429114124
1970950652680601951
1972789522305097854
1971279594104946706
1971283036785475998
1971250548361105767
1970923242409107559
---
1970646119492513873
1970645275334042050
1970669283916022023
1970649149923070447
1970660553220857894
1970703734985617748
1970687657555771640
1970639954285076832
1970697247601074215
1970655948520988955
1971272436206501930
1970670596402106857
1970832912607326652
1970638174591357057
1970658356218961944
1970645763844706361
1970644672977699145
1970764841108545572
1970800677468209581
1970815776572486045
1970693219169284145
1970849002489860367
1970825783171231771
1970660937041412181
1970800313386123587
1970757575638458769
1970672585953419333
1970882785788490110
1970937819691614239
1970663069291589905
1970873069401989259
1970672562658234702
1970823622383329775
1970672889541365868
1970675158752035170
1970976646405685705
1970722331866632256
1970967773259104618
1970659582013005888
1970912022218101178
1970858531525161140
1970805162655818112
1970664920929968443
1970693897690005685
1970951160568901863
1970672508367184063
1970646693625655767
1970657080575926700
1970757554213965961
1970671391713165653
1970643276727493092
1970643500774396153
1970877639872176382
1971003460209545528
1970850339910828531
1970648277256114492
1970657132686016622
1970716308787646974
1970798089528361188
Probable Spam
1970645395715039418
1970711959583543686
1970831927948239296
1970720105660326109
1970824325717688539
